p cnf 76 122
37 0
36 0
39 0
38 0
43 0
42 0
46 0
50 0
49 0
52 0
51 0
54 0
53 0
56 0
55 0
-69 0
41 40 0
45 44 0
-60 -59 0
-60 -58 0
64 63 62 0
64 63 61 0
-64 -63 -62 0
-64 -63 -61 0
-65 48 47 0
-65 48 0
-65 47 0
65 -48 -47 0
-66 48 0
-66 65 0
-66 48 65 0
66 -48 -65 0
-66 60 0
66 -60 0
-57 47 0
57 -47 0
-58 48 47 0
-58 -48 -47 0
58 48 -47 0
58 -48 47 0
-59 48 65 0
-59 -48 -65 0
59 48 -65 0
59 -48 65 0
-67 58 57 0
67 -58 0
67 -57 0
67 -58 -57 0
-68 59 0
-68 67 0
-68 59 67 0
68 -59 -67 0
-60 -68 0
-61 -57 0
61 57 0
-62 -58 57 0
-62 58 -57 0
62 -58 -57 0
62 58 57 0
-63 59 67 0
-63 -59 -67 0
63 59 -67 0
63 -59 67 0
-64 60 68 0
-64 -60 -68 0
64 60 -68 0
64 -60 68 0
3 4 5 6 0
3 13 0
-3 14 0
4 15 0
-4 16 0
5 17 0
-5 18 0
6 19 0
-6 20 0
-13 21 0
-14 21 0
-14 23 0
-15 24 0
-16 25 0
-23 26 27 0
-24 28 0
-24 29 0
-24 30 0
-25 28 0
-25 29 0
-25 31 0
-27 32 0
-27 33 0
-17 64 63 62 70 0
-17 64 63 -48 70 0
-17 64 63 62 -48 0
-70 61 -47 0
-71 64 63 62 72 0
-71 64 63 -48 72 0
-71 64 63 62 -48 0
-72 61 -47 0
-17 71 0
-19 64 63 62 73 0
-19 64 63 -48 73 0
-19 64 63 62 -48 0
-73 61 -47 0
-74 64 63 62 75 0
-74 64 63 -48 75 0
-74 64 63 62 -48 0
-75 61 -47 0
-19 74 0
-33 48 47 0
-76 48 47 0
-33 76 0
-1 0
2 0
-7 0
-8 0
-9 0
-10 0
-11 0
-12 0
22 0
34 0
-35 0
